%YAML:1.0
---
label: !!opencv-matrix
   rows: 1
   cols: 120
   dt: f
   data: [ 7., 5., 4., 1., 2., 6., 8., 0., 9., 3., 7., 5., 0., 9., 8.,
       6., 4., 3., 2., 1., 7., 5., 4., 1., 6., 8., 9., 0., 3., 2., 7.,
       5., 9., 8., 6., 4., 3., 2., 1., 0., 5., 7., 1., 2., 3., 4., 6.,
       8., 9., 0., 7., 5., 4., 1., 0., 9., 8., 2., 6., 3., 7., 5., 2.,
       4., 6., 8., 0., 9., 3., 1., 7., 5., 8., 0., 9., 6., 4., 3., 2.,
       1., 7., 5., 6., 8., 9., 0., 4., 3., 2., 1., 7., 5., 8., 9., 6.,
       4., 3., 2., 1., 0., 5., 7., 8., 1., 2., 3., 4., 6., 9., 0., 7.,
       5., 0., 9., 8., 6., 4., 3., 2., 1. ]
