%YAML:1.0
---
label: !!opencv-matrix
   rows: 1
   cols: 250
   dt: f
   data: [ 7., 4., 8., 2., 6., 4., 4., 3., 3., 9., 5., 6., 6., 5., 7.,
       9., 0., 8., 8., 2., 4., 4., 6., 1., 1., 9., 8., 3., 0., 3., 9.,
       4., 5., 9., 8., 4., 9., 2., 2., 6., 4., 4., 6., 9., 5., 5., 5.,
       0., 1., 1., 2., 5., 8., 3., 9., 0., 7., 2., 0., 4., 8., 2., 0.,
       5., 4., 7., 8., 4., 8., 1., 1., 1., 1., 1., 1., 2., 8., 0., 4.,
       9., 5., 3., 5., 2., 7., 3., 2., 2., 8., 5., 0., 5., 5., 9., 0.,
       6., 4., 4., 1., 1., 8., 3., 9., 0., 7., 4., 6., 6., 0., 3., 2.,
       8., 2., 3., 5., 6., 8., 0., 8., 4., 2., 8., 9., 1., 1., 7., 4.,
       8., 2., 6., 4., 4., 3., 3., 9., 5., 6., 6., 5., 7., 9., 0., 8.,
       8., 2., 4., 4., 6., 1., 1., 9., 8., 3., 0., 3., 9., 4., 5., 9.,
       8., 4., 9., 2., 2., 6., 4., 4., 6., 9., 5., 5., 5., 0., 1., 1.,
       2., 5., 8., 3., 9., 0., 7., 2., 0., 4., 8., 2., 0., 5., 4., 7.,
       8., 4., 8., 1., 1., 1., 1., 1., 1., 2., 8., 0., 4., 9., 5., 3.,
       5., 2., 7., 3., 2., 2., 8., 5., 0., 5., 5., 9., 0., 6., 4., 4.,
       1., 1., 8., 3., 9., 0., 7., 4., 6., 6., 0., 3., 2., 8., 2., 3.,
       5., 6., 8., 0., 8., 4., 2., 8., 9., 1., 1. ]
