%YAML:1.0
---
data: !!opencv-matrix
   rows: 120
   cols: 100
   dt: f
   data: [ 255., 255., 255., 255., 255., 255., 255., 255., 255., 255.,
       126., 255., 255., 255., 255., 255., 255., 255., 255., 255., 0.,
       0., 0., 0., 0., 0., 255., 255., 255., 0., 0., 0., 0., 0., 0.,
       255., 255., 255., 197., 0., 0., 0., 0., 0., 90., 255., 255., 255.,
       0., 0., 0., 0., 0., 0., 255., 255., 255., 0., 0., 0., 0., 0., 0.,
       255., 255., 255., 12., 0., 0., 0., 0., 0., 255., 255., 255., 255.,
       0., 0., 0., 0., 0., 47., 255., 255., 255., 0., 0., 0., 0., 0., 0.,
       116., 255., 255., 0., 0., 0., 0., 0., 0., 255., 255., 255., 255.,
       255., 255., 255., 255., 255., 0., 255., 255., 255., 255., 255.,
       255., 255., 255., 255., 0., 255., 255., 255., 0., 0., 0., 0., 0.,
       0., 0., 255., 255., 255., 0., 104., 255., 104., 0., 0., 0., 255.,
       255., 255., 255., 255., 255., 255., 255., 255., 0., 255., 255.,
       255., 60., 0., 0., 255., 255., 255., 255., 0., 0., 0., 0., 0., 0.,
       0., 255., 255., 255., 26., 177., 0., 0., 0., 0., 78., 255., 255.,
       255., 255., 255., 255., 255., 255., 255., 255., 255., 255., 0.,
       0., 50., 255., 255., 255., 255., 255., 153., 0., 0., 0., 0., 0.,
       0., 0., 142., 255., 255., 0., 0., 0., 0., 0., 0., 115., 255.,
       255., 255., 0., 0., 0., 0., 0., 0., 255., 255., 255., 255., 0.,
       0., 0., 0., 0., 255., 255., 255., 255., 255., 0., 0., 0., 0.,
       255., 255., 217., 104., 255., 255., 0., 0., 0., 255., 255., 255.,
       0., 104., 255., 255., 0., 0., 255., 255., 255., 255., 255., 255.,
       255., 255., 255., 140., 255., 255., 255., 255., 255., 255., 255.,
       255., 255., 255., 0., 0., 0., 0., 0., 104., 255., 255., 0., 0.,
       0., 0., 0., 0., 0., 26., 255., 255., 0., 0., 0., 0., 0., 255.,
       255., 255., 112., 0., 0., 0., 0., 255., 255., 255., 255., 255.,
       255., 0., 0., 0., 255., 255., 255., 255., 255., 255., 255., 0.,
       0., 0., 0., 0., 0., 255., 255., 255., 255., 0., 0., 0., 0., 0.,
       0., 255., 255., 255., 255., 0., 0., 0., 0., 0., 0., 255., 255.,
       255., 255., 0., 0., 0., 0., 0., 0., 255., 255., 255., 255., 0.,
       0., 0., 0., 0., 0., 255., 255., 255., 255., 0., 0., 0., 255.,
       255., 255., 255., 255., 255., 255., 255., 255., 240., 255., 255.,
       255., 255., 255., 255., 255., 255., 255., 255., 0., 29., 255.,
       255., 255., 255., 255., 64., 0., 0., 255., 255., 255., 255., 255.,
       255., 255., 255., 255., 0., 0., 191., 0., 0., 0., 0., 255., 255.,
       255., 0., 0., 0., 0., 0., 0., 0., 252., 255., 255., 0., 0., 0.,
       0., 0., 0., 42., 255., 255., 255., 0., 0., 0., 0., 0., 214., 255.,
       255., 255., 0., 0., 0., 0., 0., 255., 255., 255., 255., 0., 0.,
       0., 0., 0., 255., 255., 255., 22., 0., 0., 0., 0., 94., 255.,
       255., 255., 255., 255., 255., 255., 255., 255., 94., 255., 255.,
       255., 255., 255., 255., 255., 255., 255., 0., 0., 0., 255., 255.,
       255., 255., 255., 157., 0., 0., 242., 255., 255., 255., 255.,
       255., 255., 255., 255., 20., 255., 255., 255., 0., 0., 0., 0., 0.,
       0., 255., 255., 255., 0., 0., 26., 26., 0., 0., 0., 255., 255.,
       255., 255., 255., 255., 255., 255., 255., 0., 255., 255., 255.,
       255., 0., 0., 251., 255., 255., 255., 255., 255., 255., 0., 0.,
       0., 0., 255., 255., 255., 148., 255., 255., 241., 0., 0., 0.,
       255., 255., 255., 0., 255., 255., 255., 255., 255., 255., 255.,
       255., 34., 0., 0., 57., 255., 255., 255., 255., 255., 0., 0., 0.,
       0., 255., 255., 255., 255., 255., 255., 0., 0., 0., 255., 255.,
       255., 255., 255., 255., 255., 255., 0., 255., 255., 255., 0., 0.,
       0., 0., 255., 255., 255., 78., 255., 255., 0., 0., 0., 0., 255.,
       255., 76., 0., 238., 255., 255., 255., 255., 255., 255., 237., 0.,
       0., 255., 255., 255., 255., 255., 255., 255., 255., 0., 255.,
       255., 255., 0., 0., 0., 0., 255., 255., 255., 255., 255., 255.,
       0., 0., 0., 0., 255., 255., 255., 78., 255., 255., 255., 255.,
       255., 255., 255., 255., 76., 0., 0., 255., 255., 255., 255., 255.,
       255., 0., 0., 0., 0., 78., 255., 255., 255., 255., 78., 0., 0.,
       0., 255., 255., 255., 255., 255., 255., 255., 255., 0., 154.,
       255., 255., 76., 0., 0., 77., 255., 255., 153., 255., 255., 255.,
       0., 0., 0., 0., 255., 255., 255., 255., 255., 255., 0., 0., 0.,
       0., 255., 255., 255., 255., 255., 255., 0., 0., 0., 0., 255.,
       255., 255., 255., 255., 255., 0., 0., 0., 0., 255., 255., 255.,
       154., 255., 255., 76., 0., 0., 77., 255., 255., 153., 0., 255.,
       255., 255., 255., 255., 255., 255., 255., 0., 0., 0., 76., 255.,
       255., 255., 255., 76., 0., 0., 0., 0., 255., 255., 255., 255.,
       255., 58., 0., 0., 36., 255., 255., 255., 255., 255., 255., 255.,
       255., 0., 255., 255., 255., 0., 0., 0., 243., 255., 255., 147.,
       255., 255., 255., 0., 0., 0., 0., 255., 255., 255., 255., 255.,
       255., 251., 0., 0., 255., 255., 255., 255., 0., 255., 255., 255.,
       255., 255., 255., 255., 255., 255., 0., 0., 0., 24., 174., 8., 0.,
       255., 255., 255., 0., 0., 0., 0., 0., 0., 249., 255., 255., 38.,
       255., 255., 255., 255., 255., 255., 255., 255., 241., 0., 0.,
       157., 255., 255., 255., 255., 255., 0., 0., 0., 0., 0., 255.,
       255., 255., 255., 255., 209., 0., 0., 255., 255., 255., 255.,
       255., 255., 255., 255., 255., 0., 0., 128., 0., 0., 0., 0., 122.,
       255., 255., 38., 0., 0., 0., 0., 0., 0., 244., 255., 255., 0., 0.,
       0., 134., 255., 255., 255., 255., 255., 114., 0., 0., 0., 133.,
       255., 255., 255., 255., 255., 255., 0., 0., 0., 0., 0., 0., 0.,
       0., 255., 255., 255., 0., 70., 0., 0., 0., 0., 0., 255., 255.,
       255., 255., 255., 255., 255., 255., 255., 255., 255., 255., 34.,
       0., 76., 255., 255., 255., 255., 255., 255., 0., 0., 255., 255.,
       255., 255., 255., 255., 255., 255., 255., 255., 255., 255., 255.,
       255., 255., 255., 255., 255., 255., 255., 0., 0., 0., 0., 0., 0.,
       255., 255., 255., 0., 0., 0., 0., 0., 0., 255., 255., 255., 0.,
       0., 0., 0., 0., 0., 255., 255., 255., 0., 0., 0., 0., 0., 0.,
       255., 255., 255., 0., 0., 0., 0., 0., 0., 0., 255., 255., 255.,
       0., 0., 0., 0., 0., 0., 255., 255., 255., 255., 0., 0., 0., 0.,
       0., 0., 255., 255., 255., 0., 0., 0., 0., 0., 0., 0., 255., 255.,
       255., 0., 0., 0., 0., 0., 0., 255., 255., 255., 255., 255., 255.,
       255., 255., 0., 0., 255., 255., 255., 255., 255., 255., 255.,
       255., 0., 0., 255., 255., 255., 0., 0., 0., 0., 0., 0., 0., 255.,
       255., 255., 255., 255., 255., 191., 0., 0., 255., 255., 255.,
       255., 255., 255., 255., 255., 255., 0., 64., 64., 255., 0., 0.,
       0., 255., 255., 255., 255., 0., 0., 0., 0., 0., 0., 0., 255.,
       255., 255., 255., 255., 255., 0., 0., 0., 255., 255., 255., 255.,
       191., 255., 255., 255., 255., 255., 255., 255., 255., 0., 0., 0.,
       255., 255., 255., 255., 255., 255., 0., 0., 0., 0., 211., 255.,
       255., 255., 255., 211., 0., 0., 0., 255., 255., 255., 255., 255.,
       255., 255., 255., 0., 243., 255., 255., 255., 0., 0., 255., 255.,
       255., 241., 255., 255., 255., 88., 0., 0., 255., 255., 255., 255.,
       255., 255., 255., 88., 0., 0., 90., 255., 255., 255., 255., 255.,
       255., 88., 0., 0., 90., 255., 255., 255., 255., 255., 255., 88.,
       0., 0., 255., 255., 255., 255., 249., 255., 255., 255., 0., 0.,
       255., 255., 255., 241., 0., 255., 255., 255., 255., 255., 255.,
       255., 255., 0., 0., 0., 210., 255., 255., 255., 255., 210., 0.,
       0., 0., 0., 255., 255., 255., 255., 255., 78., 0., 0., 0., 255.,
       255., 255., 255., 255., 255., 255., 255., 0., 255., 255., 255.,
       128., 0., 0., 255., 255., 255., 255., 255., 255., 255., 0., 0.,
       0., 255., 255., 255., 255., 255., 255., 255., 255., 0., 0., 255.,
       255., 255., 255., 0., 255., 255., 255., 255., 255., 255., 255.,
